total_scenarios = 29
p_value_total = 0.5647306069731712
bnn_std_mse_x1 = 0.00018041409199789893
ude_mean_mse_x2 = 8.465422082335692
evaluation_date = "2025-08-17"
bnn_std_mse_total = 1.224895139370328
ude_mean_mse_total = 4.41131904232195
p_value_x2 = 0.40468135103583336
bnn_mean_mse_x1 = 0.00026584797675570983
effect_size_x1 = -44.244672683254635
ude_std_mse_x2 = 7.158630373971601
ude_std_mse_total = 3.5796258748887984
random_seed = 42
effect_size_total = 0.2673416550878986
p_value_x1 = 3.725290298461914e-9
ude_mean_mse_x1 = 0.3572160023082074
bnn_std_mse_x2 = 2.4497364559526487
effect_size_x2 = 0.3340814181869267
bnn_mean_mse_total = 5.1265289118082995
bnn_mean_mse_x2 = 10.252791975639845
ude_std_mse_x1 = 0.011407941409135909
